0.000000000000000000e+00 0.000000000000000000e+00
-1.491092544475910886e+00 3.675281842277479394e-02
-1.491092544475910886e+00 3.675281842277479394e-02
-1.491092544475910886e+00 3.675281842277479394e-02
-1.491092544475910886e+00 3.675281842277479394e-02
-1.491092544475910886e+00 3.675281842277479394e-02
-1.491092544475910886e+00 3.675281842277479394e-02
-1.491092544475910886e+00 3.675281842277479394e-02
-1.491092544475910886e+00 3.675281842277479394e-02
-1.491092544475910886e+00 3.675281842277479394e-02
-1.491092544475910886e+00 3.675281842277479394e-02
-1.491092544475910886e+00 3.675281842277479394e-02
-1.491092544475910886e+00 3.675281842277479394e-02
-1.491092544475910886e+00 3.675281842277479394e-02
-1.491092544475910886e+00 3.675281842277479394e-02
-1.491092544475910886e+00 3.675281842277479394e-02
-1.491092544475910886e+00 3.675281842277479394e-02
-1.491092544475910886e+00 3.675281842277479394e-02
-1.491092544475910886e+00 3.675281842277479394e-02
-1.491092544475910886e+00 3.675281842277479394e-02
-1.491092544475910886e+00 3.675281842277479394e-02
-1.491092544475910886e+00 3.675281842277479394e-02
-1.491092544475910886e+00 3.675281842277479394e-02
-1.491092544475910886e+00 3.675281842277479394e-02
-1.491092544475910886e+00 3.675281842277479394e-02
-1.491092544475910886e+00 3.675281842277479394e-02
-1.491092544475910886e+00 3.675281842277479394e-02
-1.491092544475910886e+00 3.675281842277479394e-02
-1.491092544475910886e+00 3.675281842277479394e-02
-1.491092544475910886e+00 3.675281842277479394e-02
-1.491092544475910886e+00 3.675281842277479394e-02
-1.491092544475910886e+00 3.675281842277479394e-02
-1.491092544475910886e+00 3.675281842277479394e-02
-1.491092544475910886e+00 3.675281842277479394e-02
-1.491092544475910886e+00 3.675281842277479394e-02
-1.491092544475910886e+00 3.675281842277479394e-02
-1.491092544475910886e+00 3.675281842277479394e-02
-1.491092544475910886e+00 3.675281842277479394e-02
-1.491092544475910886e+00 3.675281842277479394e-02
-1.491092544475910886e+00 3.675281842277479394e-02
-1.491092544475910886e+00 3.675281842277479394e-02
-1.491092544475910886e+00 3.675281842277479394e-02
-1.491092544475910886e+00 3.675281842277479394e-02
-1.491092544475910886e+00 3.675281842277479394e-02
-1.491092544475910886e+00 3.675281842277479394e-02
-1.491092544475910886e+00 3.675281842277479394e-02
-1.491092544475910886e+00 3.675281842277479394e-02
-1.491092544475910886e+00 3.675281842277479394e-02
-1.491092544475910886e+00 3.675281842277479394e-02
-1.491092544475910886e+00 3.675281842277479394e-02
-1.491092544475910886e+00 3.675281842277479394e-02
-1.491092544475910886e+00 3.675281842277479394e-02
-1.491092544475910886e+00 3.675281842277479394e-02
-1.491092544475910886e+00 3.675281842277479394e-02
-1.491092544475910886e+00 3.675281842277479394e-02
-1.491092544475910886e+00 3.675281842277479394e-02
-1.491092544475910886e+00 3.675281842277479394e-02
-1.491092544475910886e+00 3.675281842277479394e-02
-1.491092544475910886e+00 3.675281842277479394e-02
-1.491092544475910886e+00 3.675281842277479394e-02
-1.491092544475910886e+00 3.675281842277479394e-02
-1.491092544475910886e+00 3.675281842277479394e-02
-1.491092544475910886e+00 3.675281842277479394e-02
-1.491092544475910886e+00 3.675281842277479394e-02
-1.491092544475910886e+00 3.675281842277479394e-02
-1.491092544475910886e+00 3.675281842277479394e-02
-1.491092544475910886e+00 3.675281842277479394e-02
-1.491092544475910886e+00 3.675281842277479394e-02
-1.491092544475910886e+00 3.675281842277479394e-02
-1.491092544475910886e+00 3.675281842277479394e-02
-1.491092544475910886e+00 3.675281842277479394e-02
-1.491092544475910886e+00 3.675281842277479394e-02
-1.491092544475910886e+00 3.675281842277479394e-02
-1.491092544475910886e+00 3.675281842277479394e-02
-1.491092544475910886e+00 3.675281842277479394e-02
-1.491092544475910886e+00 3.675281842277479394e-02
-1.491092544475910886e+00 3.675281842277479394e-02
-1.491092544475910886e+00 3.675281842277479394e-02
-1.491092544475910886e+00 3.675281842277479394e-02
-1.491092544475910886e+00 3.675281842277479394e-02
-1.491092544475910886e+00 3.675281842277479394e-02
-1.491092544475910886e+00 3.675281842277479394e-02
-1.491092544475910886e+00 3.675281842277479394e-02
-1.491092544475910886e+00 3.675281842277479394e-02
-1.491092544475910886e+00 3.675281842277479394e-02
-1.491092544475910886e+00 3.675281842277479394e-02
-1.491092544475910886e+00 3.675281842277479394e-02
-1.491092544475910886e+00 3.675281842277479394e-02
-1.491092544475910886e+00 3.675281842277479394e-02
-1.491092544475910886e+00 3.675281842277479394e-02
-1.491092544475910886e+00 3.675281842277479394e-02
-1.491092544475910886e+00 3.675281842277479394e-02
-1.491092544475910886e+00 3.675281842277479394e-02
-1.491092544475910886e+00 3.675281842277479394e-02
-1.491092544475910886e+00 3.675281842277479394e-02
-1.491092544475910886e+00 3.675281842277479394e-02
-1.491092544475910886e+00 3.675281842277479394e-02
-1.491092544475910886e+00 3.675281842277479394e-02
-1.491092544475910886e+00 3.675281842277479394e-02
-1.491092544475910886e+00 3.675281842277479394e-02
